host	2030810	1619002	1801783	1619102	1801882	1802162	1974479	2161949	1975070	1802308	1292026	1797240	2014255	2014258	2162541	2060322	1974622	1798467	1618421	1974716	1167737	1975023	1798469	1802549	1802318	1970533	1449122	1948829	1802364	1618974	1618736	669502	1798405	1801757	1802741	1802437	1974433	1131288	1974698	1802474	1802472	1975097	1802766	1619137	1974711	2014256	2162461	1797687	1797793	1974563	1926607	1618886	1805316	2014263
NC_031914	0.0825	0.08375	0.03875	0.165	0.15125	0.08	0.11125	0.01875	0.36875	0.05125	0.01	0.0625	0.27625	0.26125	0.3325	0.3175	0.17875	0.0475	0.10875	0.145	0.00875	0.0825	0.04125	0.09	0.05375	0.08125	0.03125	0.25125	0.09375	0.01625	0.06125	0.25125	0.0525	0.07375	0.0325	0.085	0.3225	0.0475	0.17	0.06875	0.06875	0.0775	0.03125	0.06375	0.1425	0.26375	0.20375	0.045	0.22	0.15625	0.04625	0.0375	0.16625	0.1875
NC_031915	0.23375	0.17125	0.14625	0.3075	0.3225	0.17125	0.25875	0.06625	0.27625	0.19	0.0575	0.12	0.245	0.2325	0.33625	0.2	0.27	0.1	0.2475	0.27375	0.02	0.17875	0.10875	0.2475	0.19625	0.2225	0.06625	0.31	0.18375	0.11125	0.215	0.13	0.14875	0.20625	0.075	0.225	0.24375	0.1475	0.30375	0.22125	0.2625	0.24875	0.085	0.215	0.29125	0.22375	0.40375	0.19	0.36	0.24125	0.245	0.0875	0.30625	0.32125
NC_031917	0.23125	0.1225	0.09875	0.1375	0.13	0.11625	0.18625	0.025	0.11	0.13125	0.0325	0.08875	0.1025	0.10875	0.10125	0.0575	0.2125	0.08625	0.16375	0.1675	0.0025	0.13125	0.07875	0.1675	0.11375	0.38125	0.03875	0.0975	0.12125	0.09125	0.14875	0.065	0.10625	0.16125	0.06375	0.20125	0.07875	0.1925	0.14	0.1525	0.17875	0.12875	0.0675	0.15375	0.18	0.11	0.15875	0.1275	0.125	0.205	0.15	0.06625	0.19125	0.155
NC_031918	0.13	0.1225	0.15	0.0375	0.025	0.09625	0.11	0.13625	0.015	0.1175	0.155	0.16875	0.02375	0.02875	0.02125	0.0125	0.08875	0.1175	0.06375	0.11625	0.0425	0.105	0.1175	0.10625	0.10625	0.13	0.09875	0.03125	0.105	0.1475	0.08875	0.02	0.145	0.13	0.13625	0.1325	0.01125	0.34625	0.07875	0.1375	0.12125	0.06625	0.12875	0.08125	0.1125	0.02125	0.0225	0.17125	0.03125	0.05875	0.1375	0.135	0.09875	0.0725
NC_031919	0.175	0.1875	0.15	0.24	0.24	0.1725	0.16625	0.1525	0.23875	0.14125	0.13125	0.17625	0.2	0.21	0.23625	0.21625	0.2075	0.145	0.22375	0.20125	0.1025	0.16625	0.14625	0.20375	0.13125	0.17375	0.16875	0.22	0.1875	0.1125	0.16125	0.16	0.16	0.1975	0.12875	0.1775	0.23	0.1425	0.22375	0.17625	0.1975	0.19	0.14	0.17625	0.18125	0.20625	0.23	0.16	0.23375	0.20875	0.1675	0.14375	0.1975	0.2275
NC_031920	0.21875	0.17625	0.19	0.18125	0.20125	0.19625	0.2375	0.11125	0.11625	0.21	0.095	0.17125	0.135	0.13375	0.1475	0.09	0.245	0.1225	0.20375	0.29	0.025	0.19	0.12125	0.2625	0.24625	0.2375	0.09	0.16625	0.21	0.1575	0.22375	0.0725	0.175	0.23375	0.14	0.255	0.15375	0.19875	0.27	0.26625	0.28875	0.275	0.1475	0.20375	0.3	0.13875	0.24875	0.2575	0.19625	0.16875	0.2925	0.15	0.34375	0.27375
NC_031921	0.175	0.1875	0.15	0.24	0.24	0.1725	0.16625	0.1525	0.23875	0.14125	0.13125	0.17625	0.2	0.21	0.23625	0.21625	0.2075	0.145	0.22375	0.20125	0.1025	0.16625	0.14625	0.20375	0.13125	0.17375	0.16875	0.22	0.1875	0.1125	0.16125	0.16	0.16	0.1975	0.12875	0.1775	0.23	0.1425	0.22375	0.17625	0.1975	0.19	0.14	0.17625	0.18125	0.20625	0.23	0.16	0.23375	0.20875	0.1675	0.14375	0.1975	0.2275
NC_031922	0.20125	0.15625	0.1625	0.16375	0.1875	0.1375	0.20625	0.1325	0.0925	0.235	0.09875	0.175	0.09875	0.08625	0.12	0.0775	0.19875	0.155	0.21	0.26375	0.0325	0.14875	0.14625	0.20625	0.24875	0.13375	0.08125	0.1175	0.135	0.13375	0.1525	0.04625	0.1675	0.16625	0.12875	0.20625	0.09875	0.18375	0.2275	0.235	0.19375	0.16875	0.11375	0.20125	0.2425	0.1	0.18625	0.20625	0.155	0.11	0.30625	0.11125	0.26125	0.225
NC_031923	0.23375	0.20625	0.19875	0.18	0.23	0.18875	0.26375	0.10125	0.14375	0.245	0.12	0.165	0.115	0.1075	0.165	0.0875	0.2325	0.125	0.2225	0.29875	0.0275	0.2	0.13875	0.24375	0.24875	0.2125	0.10375	0.19375	0.2225	0.17875	0.21125	0.06625	0.18125	0.23125	0.12875	0.275	0.16	0.2025	0.25125	0.25375	0.2825	0.2525	0.1325	0.22625	0.275	0.10875	0.24375	0.25	0.21625	0.19375	0.27	0.16	0.34375	0.2775
NC_031924	0.12	0.125	0.1275	0.03	0.0175	0.09625	0.10375	0.165	0.01625	0.10125	0.1675	0.1575	0.015	0.01375	0.01125	0.00875	0.07625	0.1375	0.05125	0.095	0.05375	0.0975	0.12	0.08625	0.0975	0.105	0.13375	0.015	0.09375	0.135	0.08375	0.015	0.15	0.12875	0.14125	0.135	0.01	0.36375	0.06	0.1325	0.09125	0.06375	0.1425	0.06375	0.085	0.01125	0.0075	0.17625	0.02	0.05125	0.14125	0.15	0.08875	0.055
NC_031925	0.08875	0.10625	0.16125	0.0275	0.02625	0.06125	0.07	0.17	0.00625	0.09375	0.17	0.15875	0.0175	0.01375	0.0025	0.005	0.05125	0.155	0.03875	0.08	0.1375	0.07875	0.14875	0.06875	0.07625	0.075	0.13375	0.00875	0.0825	0.13125	0.0575	0.005	0.17625	0.095	0.2175	0.1	0.02	0.165	0.03375	0.10375	0.07375	0.05125	0.2	0.045	0.07125	0.01	0.01125	0.1225	0.015	0.03125	0.1175	0.17375	0.05	0.05375
NC_031926	0.14125	0.125	0.07	0.2625	0.29125	0.12125	0.2075	0.0525	0.49375	0.08375	0.05	0.09375	0.39875	0.37125	0.415	0.3225	0.2725	0.04875	0.21625	0.23375	0.01	0.12875	0.04875	0.14375	0.09125	0.14125	0.065	0.3925	0.11125	0.06625	0.12375	0.22125	0.07	0.15875	0.04	0.13	0.3575	0.09625	0.28	0.10375	0.1325	0.19625	0.04875	0.14375	0.23	0.3725	0.32625	0.105	0.3075	0.2225	0.11375	0.08125	0.2575	0.3875
NC_031927	0.19	0.15125	0.135	0.12375	0.16375	0.14625	0.215	0.115	0.1275	0.2425	0.09375	0.1875	0.0975	0.09625	0.14875	0.09375	0.2125	0.1475	0.18375	0.23375	0.03375	0.15625	0.13375	0.20125	0.24375	0.18	0.07125	0.15625	0.1475	0.14875	0.18	0.0475	0.165	0.16	0.10375	0.195	0.11625	0.225	0.23625	0.23125	0.23875	0.16	0.1225	0.16	0.215	0.09625	0.2	0.2225	0.19	0.17375	0.35	0.13875	0.22875	0.21
NC_031928	0.19625	0.1525	0.14125	0.0975	0.13125	0.14875	0.24125	0.135	0.07	0.1475	0.095	0.17	0.10625	0.1	0.05	0.03	0.1925	0.105	0.14875	0.215	0.02125	0.14	0.125	0.20125	0.15	0.17625	0.10375	0.0925	0.12875	0.12875	0.17875	0.03375	0.1675	0.1975	0.1025	0.23	0.08125	0.2075	0.1625	0.18125	0.18125	0.1525	0.105	0.18375	0.20125	0.1	0.08625	0.2	0.09375	0.1575	0.21625	0.12375	0.205	0.18625
NC_031929	0.2125	0.175	0.2	0.1825	0.2125	0.19875	0.24625	0.10125	0.135	0.23	0.0875	0.18875	0.13625	0.13875	0.16125	0.09	0.205	0.12125	0.2075	0.285	0.02375	0.17625	0.12125	0.25	0.2525	0.21375	0.09625	0.17625	0.21	0.1575	0.1975	0.07125	0.1625	0.21	0.1375	0.26875	0.13875	0.2	0.25375	0.25125	0.28375	0.25125	0.13125	0.2375	0.2725	0.135	0.2375	0.2525	0.19125	0.1625	0.2975	0.1375	0.355	0.2575
NC_031930	0.0225	0.04	0.05	0.005	0.005	0.0125	0.035	0.1575	0.01	0.0325	0.12375	0.105	0.01125	0.0125	0.005	0.0025	0.015	0.09	0.015	0.02625	0.45	0.02625	0.08375	0.01625	0.0275	0.01375	0.125	0.01125	0.02875	0.0475	0.01625	0.01375	0.09125	0.015	0.13875	0.02875	0.01	0.0425	0.01875	0.01625	0.02	0.01125	0.14	0.0075	0.03125	0.01375	0.00875	0.02625	0.00375	0.01125	0.03625	0.1425	0.0325	0.0175
NC_031931	0.0825	0.08375	0.03875	0.1675	0.15	0.08	0.1125	0.02	0.36875	0.05	0.00875	0.0625	0.275	0.26125	0.33125	0.32125	0.1775	0.0475	0.11	0.14625	0.00875	0.08125	0.04125	0.09	0.05375	0.08125	0.03125	0.25125	0.0925	0.01625	0.06	0.25	0.0525	0.07375	0.0325	0.085	0.32125	0.04625	0.17	0.06875	0.06875	0.08	0.03125	0.0625	0.14375	0.265	0.20375	0.045	0.2175	0.155	0.045	0.0375	0.165	0.18625
NC_031932	0.175	0.1875	0.15	0.24	0.24	0.1725	0.16625	0.15375	0.23875	0.14125	0.1325	0.1775	0.2	0.21	0.23625	0.21625	0.20875	0.145	0.22375	0.20125	0.1025	0.16625	0.14625	0.20375	0.13125	0.17375	0.16875	0.22125	0.18625	0.11125	0.16125	0.16125	0.16	0.1975	0.12875	0.1775	0.23	0.1425	0.22375	0.17625	0.1975	0.19	0.14	0.175	0.18125	0.20625	0.23	0.15875	0.23375	0.20875	0.1675	0.14375	0.1975	0.2275
NC_031933	0.20375	0.14	0.14625	0.1	0.1775	0.16875	0.19625	0.0825	0.10125	0.1575	0.0875	0.17125	0.10375	0.07625	0.09875	0.04875	0.185	0.11125	0.165	0.23625	0.015	0.11375	0.12625	0.17875	0.16875	0.18375	0.0875	0.14125	0.1225	0.1275	0.15	0.04	0.15	0.19625	0.09375	0.21	0.1125	0.2375	0.23625	0.20125	0.185	0.18125	0.095	0.18375	0.23	0.09	0.17	0.22125	0.1925	0.13375	0.29625	0.14125	0.25	0.2425
NC_031934	0.18875	0.17375	0.12125	0.10125	0.1375	0.1425	0.22625	0.125	0.08	0.14625	0.09375	0.1575	0.10375	0.10125	0.05375	0.035	0.2075	0.1025	0.16375	0.22875	0.01875	0.1475	0.11625	0.19625	0.14875	0.1675	0.10875	0.0875	0.13875	0.135	0.17375	0.03375	0.1675	0.2175	0.11	0.20875	0.08	0.2025	0.1675	0.205	0.185	0.1625	0.11875	0.19875	0.2	0.095	0.08125	0.18875	0.0975	0.17	0.20875	0.13625	0.20625	0.215
NC_031935	0.1625	0.1275	0.13625	0.10875	0.1575	0.13	0.195	0.17	0.1	0.2225	0.08125	0.15375	0.1075	0.08375	0.13875	0.075	0.21375	0.12875	0.18375	0.2275	0.03375	0.14	0.12375	0.16625	0.225	0.13375	0.09875	0.13375	0.125	0.12375	0.15625	0.03875	0.13	0.13375	0.1175	0.19125	0.09375	0.17625	0.22375	0.15625	0.2025	0.13625	0.115	0.155	0.255	0.08875	0.19625	0.16625	0.1575	0.1325	0.26875	0.1125	0.23625	0.22
NC_031936	0.00125	0.00875	0.01	0.00125	0.0	0.0025	0.005	0.05375	0.00125	0.0025	0.03375	0.01	0.00125	0.00125	0.0	0.0	0.0	0.01375	0.0	0.00625	0.115	0.0075	0.0075	0.00375	0.00125	0.0	0.0575	0.00125	0.00375	0.0025	0.00625	0.0025	0.005	0.00375	0.01375	0.00375	0.0	0.00125	0.00875	0.00125	0.00375	0.0025	0.01625	0.0	0.00875	0.00125	0.0	0.005	0.0	0.0025	0.0	0.03125	0.00125	0.00875
NC_031937	0.085	0.1175	0.13375	0.02875	0.04875	0.0825	0.09125	0.20625	0.03125	0.0975	0.19375	0.1975	0.045	0.0425	0.03375	0.01875	0.07625	0.1475	0.055	0.0825	0.1675	0.09625	0.14125	0.06375	0.09375	0.06875	0.13875	0.0425	0.10625	0.1325	0.065	0.0425	0.13625	0.07625	0.20375	0.11125	0.04375	0.14625	0.08125	0.07125	0.07625	0.0425	0.19	0.0375	0.0925	0.05	0.025	0.09625	0.03	0.05375	0.07875	0.20125	0.09125	0.07
NC_031938	0.17375	0.19125	0.14875	0.24125	0.24	0.17	0.17	0.15375	0.23875	0.14	0.1325	0.17625	0.2	0.20875	0.235	0.21125	0.21125	0.145	0.2225	0.19625	0.1025	0.17	0.145	0.2025	0.13375	0.17375	0.16875	0.22375	0.18625	0.1125	0.1625	0.15875	0.16	0.195	0.1275	0.1775	0.2325	0.14	0.2275	0.17125	0.19625	0.19125	0.1375	0.175	0.17875	0.20125	0.23125	0.1575	0.23625	0.21	0.17125	0.145	0.195	0.22375
NC_031939	0.205	0.18625	0.11875	0.16625	0.1925	0.125	0.21375	0.0375	0.14875	0.1325	0.05875	0.1325	0.1225	0.12375	0.18375	0.09375	0.2175	0.10125	0.20875	0.2125	0.0125	0.15125	0.09625	0.17125	0.125	0.2725	0.0375	0.1725	0.16375	0.1475	0.15125	0.05875	0.16375	0.185	0.07	0.24375	0.12625	0.27375	0.245	0.22125	0.16375	0.15625	0.07875	0.1675	0.22875	0.115	0.2575	0.17625	0.22125	0.17625	0.17	0.0975	0.2425	0.2525
NC_031940	0.06	0.0975	0.1375	0.02375	0.0125	0.0525	0.06125	0.19125	0.0025	0.07375	0.20625	0.1625	0.0025	0.00875	0.0	0.00125	0.025	0.1425	0.01125	0.0475	0.125	0.05375	0.15875	0.045	0.0675	0.05	0.16125	0.01125	0.0575	0.11625	0.03375	0.005	0.13375	0.04375	0.1975	0.08375	0.005	0.11875	0.01875	0.0575	0.05625	0.0225	0.185	0.0275	0.0375	0.00625	0.0025	0.10875	0.00125	0.01875	0.08125	0.15	0.0325	0.02875
NC_031941	0.21625	0.17125	0.185	0.16375	0.185	0.18125	0.23125	0.10125	0.10625	0.22625	0.1025	0.1875	0.1125	0.10375	0.1425	0.08125	0.20625	0.13125	0.215	0.26875	0.03625	0.18	0.12875	0.26625	0.24875	0.1975	0.0975	0.16375	0.195	0.14375	0.1825	0.07125	0.17125	0.21875	0.14375	0.2225	0.13375	0.1775	0.24875	0.25875	0.24875	0.2475	0.1525	0.2025	0.2625	0.10625	0.20375	0.23625	0.1875	0.155	0.285	0.165	0.30125	0.235
NC_031942	0.22875	0.18	0.1775	0.19625	0.1675	0.2025	0.2575	0.09625	0.1325	0.24	0.095	0.18	0.13625	0.13375	0.16625	0.08875	0.225	0.1225	0.205	0.3125	0.025	0.18625	0.1275	0.295	0.24	0.23	0.09625	0.185	0.2025	0.155	0.205	0.07375	0.1675	0.21875	0.13	0.28375	0.13875	0.2125	0.2625	0.28125	0.2875	0.235	0.12625	0.21125	0.2975	0.115	0.24125	0.24125	0.20625	0.17	0.2925	0.13375	0.335	0.2775
NC_031943	0.06	0.095	0.115	0.0225	0.04375	0.05875	0.07875	0.235	0.03375	0.085	0.2225	0.155	0.045	0.04625	0.03375	0.025	0.065	0.13125	0.04875	0.07375	0.18125	0.07	0.11875	0.055	0.0875	0.05	0.155	0.0325	0.07625	0.11125	0.0575	0.035	0.11875	0.0675	0.195	0.095	0.04375	0.1125	0.07375	0.0575	0.05875	0.055	0.1775	0.0425	0.09	0.04625	0.0275	0.09	0.025	0.03375	0.07625	0.1725	0.06875	0.06625
NC_031944	0.12375	0.16375	0.155	0.035	0.08125	0.125	0.17375	0.26125	0.06375	0.19375	0.1525	0.1775	0.04625	0.035	0.04	0.03125	0.14125	0.14375	0.11	0.19375	0.10875	0.14	0.1475	0.14	0.19875	0.095	0.1525	0.0775	0.12125	0.11625	0.1225	0.04	0.15375	0.13625	0.165	0.17375	0.04375	0.19625	0.1625	0.15625	0.18375	0.135	0.14375	0.11875	0.16875	0.0325	0.065	0.15625	0.065	0.11375	0.27	0.18375	0.17875	0.16375
NC_031945	0.175	0.1875	0.15	0.24	0.24	0.1725	0.16625	0.1525	0.23875	0.14125	0.13125	0.17625	0.20125	0.21125	0.23625	0.21625	0.20875	0.145	0.22375	0.2025	0.1025	0.16625	0.14625	0.20375	0.13125	0.17375	0.16875	0.21875	0.18625	0.11125	0.16125	0.16	0.16	0.1975	0.12875	0.1775	0.22875	0.1425	0.22375	0.17625	0.1975	0.18875	0.14	0.175	0.1825	0.20625	0.23	0.15875	0.23375	0.20875	0.1675	0.14375	0.1975	0.2275
NC_031946	0.11625	0.09875	0.17875	0.0225	0.01375	0.10625	0.11125	0.13	0.0125	0.12125	0.20125	0.18375	0.015	0.01625	0.0025	0.0025	0.065	0.15625	0.045	0.0775	0.0525	0.09375	0.16375	0.09875	0.11625	0.12375	0.11375	0.01125	0.0975	0.1725	0.075	0.01625	0.17	0.12125	0.17125	0.14	0.00875	0.35	0.035	0.14375	0.0875	0.04625	0.18125	0.06	0.07875	0.01875	0.00375	0.21875	0.0125	0.04125	0.15625	0.175	0.0675	0.03125
NC_034248	0.02125	0.0225	0.02375	0.00375	0.01	0.0125	0.03	0.14	0.005	0.02125	0.09125	0.0575	0.015	0.01125	0.0075	0.0025	0.02	0.04875	0.0075	0.02375	0.285	0.01125	0.03875	0.0125	0.01625	0.01	0.1225	0.0075	0.0125	0.02625	0.015	0.01375	0.02875	0.01875	0.04625	0.02625	0.0075	0.015	0.01625	0.01875	0.0175	0.01	0.05625	0.0125	0.02375	0.01	0.005	0.01875	0.005	0.00625	0.01625	0.09375	0.0175	0.0175
NC_034619	0.0925	0.08125	0.03375	0.22125	0.15875	0.08625	0.14625	0.04	0.34625	0.05	0.025	0.07125	0.2425	0.24625	0.32875	0.36125	0.18125	0.0525	0.135	0.14125	0.005	0.0675	0.045	0.09375	0.0475	0.0775	0.0525	0.2825	0.08375	0.0525	0.0675	0.26	0.055	0.0825	0.02375	0.07375	0.24625	0.0675	0.1825	0.05875	0.0925	0.08875	0.02875	0.085	0.14125	0.24625	0.2325	0.065	0.20125	0.14875	0.06875	0.05875	0.16375	0.2225
NC_034620	0.08625	0.0775	0.035	0.23375	0.165	0.05875	0.1125	0.03	0.30625	0.03875	0.02375	0.06875	0.20875	0.2175	0.31375	0.32375	0.15	0.0375	0.10875	0.11875	0.00875	0.06125	0.03375	0.08125	0.04125	0.075	0.03875	0.26	0.0775	0.03125	0.0475	0.28125	0.04625	0.05375	0.035	0.065	0.2175	0.045	0.15375	0.065	0.07875	0.08375	0.035	0.07375	0.1225	0.215	0.22125	0.05875	0.2075	0.155	0.07	0.0525	0.14	0.1675
NC_034621	0.08875	0.0775	0.03625	0.25125	0.165	0.07375	0.13625	0.035	0.365	0.05375	0.02625	0.06875	0.22875	0.2425	0.36375	0.34375	0.1825	0.05375	0.135	0.14125	0.00625	0.0725	0.04125	0.105	0.04375	0.08125	0.05125	0.31125	0.08375	0.03875	0.0675	0.27375	0.0525	0.0925	0.02875	0.07375	0.26125	0.07375	0.21	0.0675	0.0875	0.1	0.02875	0.0825	0.15	0.22875	0.27875	0.06	0.2275	0.15875	0.06875	0.06	0.15	0.2125
NC_034623	0.08375	0.07875	0.0425	0.23375	0.1425	0.07125	0.11375	0.03125	0.34	0.03625	0.02	0.06375	0.22625	0.23375	0.34	0.34625	0.17125	0.04125	0.1325	0.11875	0.01125	0.07	0.045	0.08375	0.04125	0.06875	0.04125	0.28625	0.07125	0.03375	0.06375	0.26125	0.04125	0.055	0.03	0.0725	0.21125	0.04625	0.175	0.07125	0.0725	0.075	0.03125	0.07875	0.1125	0.22625	0.2375	0.0575	0.24	0.13875	0.055	0.05625	0.14875	0.16625
NC_034624	0.10625	0.08625	0.04375	0.275	0.16375	0.06625	0.14625	0.03375	0.35	0.04875	0.025	0.0825	0.22875	0.23625	0.36	0.36125	0.18875	0.05375	0.1525	0.1425	0.0125	0.07	0.04875	0.09125	0.055	0.075	0.045	0.29125	0.08	0.04125	0.0625	0.25375	0.055	0.085	0.035	0.08875	0.25375	0.06125	0.2225	0.06125	0.09875	0.08625	0.035	0.0775	0.165	0.23	0.25	0.06625	0.24625	0.18125	0.08125	0.06	0.1725	0.2325
NC_034625	0.1025	0.085	0.03625	0.24375	0.16375	0.05875	0.13625	0.03625	0.33375	0.06125	0.02	0.075	0.2375	0.22375	0.34625	0.3225	0.18	0.055	0.1525	0.13875	0.00875	0.075	0.04625	0.0975	0.05625	0.07875	0.0425	0.27	0.0825	0.03	0.06875	0.27375	0.0475	0.0725	0.03375	0.09375	0.215	0.0575	0.195	0.0775	0.07625	0.10375	0.04375	0.085	0.12625	0.22375	0.23375	0.0625	0.2375	0.1675	0.0775	0.04375	0.15	0.18375
NC_034627	0.09	0.07625	0.04125	0.2375	0.1625	0.07625	0.13875	0.035	0.3625	0.0475	0.02375	0.0725	0.23	0.245	0.36875	0.34875	0.19375	0.05125	0.14125	0.14	0.00625	0.0725	0.04125	0.09875	0.04375	0.0825	0.045	0.31125	0.07375	0.04125	0.06875	0.26875	0.05	0.09375	0.0275	0.075	0.27	0.06875	0.2075	0.07	0.09	0.0975	0.0275	0.07875	0.1475	0.22625	0.28375	0.055	0.23	0.16	0.07	0.05625	0.1475	0.22
NC_034628	0.10125	0.0825	0.0425	0.2575	0.14875	0.07375	0.1425	0.03875	0.345	0.05625	0.0225	0.0825	0.23	0.26	0.35875	0.3275	0.19875	0.05625	0.14	0.14875	0.01625	0.07625	0.04375	0.08625	0.06	0.09125	0.05125	0.2775	0.0775	0.04125	0.06875	0.26	0.06	0.07	0.02875	0.07625	0.245	0.07	0.1825	0.0625	0.0975	0.09375	0.02625	0.0775	0.14	0.25875	0.25	0.06375	0.24375	0.1775	0.07375	0.065	0.17125	0.2075
NC_035464	0.11375	0.15375	0.17875	0.0675	0.08875	0.12375	0.11875	0.195	0.0875	0.14375	0.1825	0.22375	0.0675	0.07	0.08125	0.06875	0.1075	0.17	0.10875	0.1375	0.19125	0.13375	0.1575	0.12	0.1575	0.1125	0.21	0.085	0.135	0.16	0.135	0.07125	0.17	0.13	0.22875	0.13375	0.075	0.145	0.11125	0.14125	0.1525	0.125	0.21625	0.12875	0.13375	0.0675	0.08125	0.14875	0.0675	0.1	0.145	0.2125	0.125	0.10875
NC_036595	0.09875	0.1375	0.15625	0.05125	0.07	0.095	0.11375	0.21	0.05875	0.11125	0.19	0.18625	0.05125	0.0575	0.05625	0.03625	0.075	0.16125	0.0725	0.09375	0.19375	0.12375	0.15125	0.0925	0.1125	0.1075	0.21	0.07375	0.1075	0.1375	0.1075	0.045	0.135	0.10875	0.1775	0.11375	0.05375	0.1375	0.1	0.11375	0.09125	0.09375	0.1675	0.09	0.0975	0.055	0.06	0.11625	0.055	0.085	0.11375	0.16875	0.09875	0.09875
NC_031911	0.135	0.1225	0.07625	0.28	0.2925	0.12125	0.205	0.04875	0.48125	0.0975	0.0475	0.09125	0.35	0.34125	0.42375	0.335	0.28875	0.045	0.1975	0.2225	0.0075	0.12125	0.0575	0.135	0.10375	0.12	0.05125	0.38	0.1075	0.06625	0.115	0.22	0.07125	0.1475	0.0475	0.11625	0.395	0.0825	0.29125	0.11125	0.11875	0.185	0.05	0.15125	0.22875	0.35625	0.335	0.09375	0.30375	0.25375	0.125	0.07875	0.2375	0.39875
NC_031912	0.08375	0.08125	0.045	0.17375	0.14625	0.07625	0.10875	0.01875	0.37	0.04875	0.01125	0.06375	0.28	0.26	0.32875	0.3225	0.1825	0.045	0.1	0.13625	0.01	0.07625	0.03625	0.0875	0.05125	0.07625	0.03	0.255	0.09	0.0175	0.055	0.25125	0.05625	0.07125	0.0325	0.09	0.32125	0.04625	0.17	0.07125	0.06875	0.0775	0.03125	0.06125	0.1325	0.26875	0.20875	0.045	0.21125	0.15375	0.04375	0.0375	0.15875	0.195
NC_031913	0.23875	0.19875	0.2025	0.215	0.22375	0.1825	0.2625	0.0975	0.16375	0.23	0.10125	0.14875	0.14	0.1375	0.19875	0.11625	0.22625	0.1125	0.23	0.31625	0.0325	0.20375	0.11	0.28	0.24875	0.2225	0.09625	0.2075	0.21375	0.16875	0.225	0.08375	0.19	0.2425	0.15125	0.2575	0.17125	0.19375	0.2725	0.28375	0.28125	0.27125	0.12625	0.2325	0.28875	0.11375	0.26625	0.25875	0.255	0.16375	0.315	0.15375	0.32	0.2775
